
85.000000 47.000000 
86.300000 47.433333 
87.600000 47.866666 
88.900000 48.300000 
90.200000 48.733333 
91.500000 49.166666 
92.800000 49.599999 
94.100000 50.033332 
95.400000 50.466666 
96.700000 50.899999 
98.000000 51.333332 

98.000000 51.333332 
95.925000 52.024999 
93.850000 52.716666 
91.775000 53.408332 
89.700000 54.099999 
87.625000 54.791666 
85.550000 55.483333 
83.475000 56.175000 
81.400000 56.866666 
79.325000 57.558333 
77.250000 58.250000 

77.250000 58.250000 
76.905000 58.365000 
76.560001 58.480000 
76.215001 58.595000 
75.870001 58.710001 
75.525002 58.825001 
75.180002 58.940001 
74.835002 59.055001 
74.490002 59.170001 
74.145003 59.285001 
73.800003 59.400002 

73.800003 59.400002 
73.641808 59.452733 
73.483614 59.505465 
73.325419 59.558197 
73.167224 59.610928 
73.009029 59.663660 
72.850835 59.716392 
72.692640 59.769123 
72.534445 59.821855 
72.376250 59.874587 
72.218056 59.927319 

72.218056 59.927319 
72.045316 59.984899 
71.872575 60.042479 
71.699835 60.100059 
71.527095 60.157639 
71.354355 60.215219 
71.181615 60.272800 
71.008875 60.330380 
70.836134 60.387960 
70.663394 60.445540 
70.490654 60.503120 

70.490654 60.503120 
68.541589 61.152808 
66.592524 61.802496 
64.643459 62.452184 
62.694394 63.101872 
60.745329 63.751560 
58.796264 64.401248 
56.847199 65.050936 
54.898134 65.700624 
52.949069 66.350312 
51.000004 67.000000 

51.000004 67.000000 
50.258173 67.247277 
49.516341 67.494554 
48.774510 67.741831 
48.032679 67.989108 
47.290848 68.236385 
46.549017 68.483662 
45.807185 68.730939 
45.065354 68.978217 
44.323523 69.225494 
43.581692 69.472771 

43.581692 69.472771 
42.423523 69.858827 
41.265353 70.244884 
40.107184 70.630940 
38.949015 71.016997 
37.790846 71.403053 
36.632677 71.789110 
35.474508 72.175166 
34.316338 72.561223 
33.158169 72.947279 
32.000000 73.333336 

32.000000 73.333336 
30.673245 73.775587 
29.346489 74.217839 
28.019734 74.660091 
26.692979 75.102342 
25.366223 75.544594 
24.039468 75.986845 
22.712713 76.429097 
21.385957 76.871349 
20.059202 77.313600 
18.732447 77.755852 

18.732447 77.755852 
18.273829 77.908724 
17.815212 78.061597 
17.356594 78.214469 
16.897977 78.367342 
16.439360 78.520214 
15.980742 78.673087 
15.522125 78.825959 
15.063507 78.978831 
14.604890 79.131704 
14.146273 79.284576 

14.146273 79.284576 
13.856646 79.381119 
13.567019 79.477661 
13.277391 79.574203 
12.987764 79.670746 
12.698137 79.767288 
12.408510 79.863831 
12.118883 79.960373 
11.829256 80.056915 
11.539629 80.153458 
11.250002 80.250000 

11.250002 80.250000 
11.118728 80.293758 
10.987454 80.337515 
10.856180 80.381273 
10.724906 80.425031 
10.593632 80.468788 
10.462358 80.512546 
10.331084 80.556303 
10.199810 80.600061 
10.068536 80.643819 
9.937262 80.687576 

9.937262 80.687576 
9.143536 80.952151 
8.349810 81.216727 
7.556085 81.481302 
6.762359 81.745877 
5.968634 82.010452 
5.174908 82.275027 
4.381182 82.539603 
3.587457 82.804178 
2.793731 83.068753 
2.000006 83.333328 

2.000006 83.333328 
3.562545 83.854175 
5.125085 84.375021 
6.687625 84.895868 
8.250164 85.416714 
9.812704 85.937561 
11.375244 86.458408 
12.937783 86.979254 
14.500323 87.500101 
16.062863 88.020947 
17.625402 88.541794 

17.625402 88.541794 
17.727324 88.575768 
17.829245 88.609741 
17.931166 88.643715 
18.033087 88.677689 
18.135008 88.711662 
18.236929 88.745636 
18.338850 88.779610 
18.440771 88.813583 
18.542692 88.847557 
18.644613 88.881531 

18.644613 88.881531 
19.936277 89.312085 
21.227941 89.742639 
22.519604 90.173193 
23.811268 90.603748 
25.102932 91.034302 
26.394596 91.464856 
27.686259 91.895410 
28.977923 92.325964 
30.269587 92.756519 
31.561251 93.187073 

31.561251 93.187073 
32.648863 93.549610 
33.736475 93.912148 
34.824087 94.274685 
35.911699 94.637222 
36.999310 94.999760 
38.086922 95.362297 
39.174534 95.724834 
40.262146 96.087372 
41.349758 96.449909 
42.437370 96.812447 

42.437370 96.812447 
42.724624 96.908198 
43.011877 97.003949 
43.299131 97.099700 
43.586385 97.195451 
43.873638 97.291203 
44.160892 97.386954 
44.448145 97.482705 
44.735399 97.578456 
45.022652 97.674207 
45.309906 97.769958 

45.309906 97.769958 
45.378917 97.792963 
45.447929 97.815967 
45.516940 97.838971 
45.585951 97.861975 
45.654963 97.884979 
45.723974 97.907983 
45.792985 97.930988 
45.861996 97.953992 
45.931008 97.976996 
46.000019 98.000000 

46.000019 98.000000 
46.191404 97.936205 
46.382790 97.872409 
46.574175 97.808614 
46.765560 97.744818 
46.956945 97.681023 
47.148331 97.617227 
47.339716 97.553432 
47.531101 97.489636 
47.722486 97.425841 
47.913872 97.362045 

47.913872 97.362045 
49.584645 96.805121 
51.255418 96.248196 
52.926192 95.691272 
54.596965 95.134348 
56.267738 94.577423 
57.938512 94.020499 
59.609285 93.463574 
61.280058 92.906650 
62.950832 92.349725 
64.621605 91.792801 

64.621605 91.792801 
67.591544 90.802821 
70.561482 89.812842 
73.531421 88.822862 
76.501360 87.832883 
79.471298 86.842903 
82.441237 85.852924 
85.411176 84.862944 
88.381114 83.872964 
91.351053 82.882985 
94.320992 81.893005 

94.320992 81.893005 
94.688892 81.770372 
95.056792 81.647739 
95.424692 81.525105 
95.792592 81.402472 
96.160492 81.279839 
96.528392 81.157205 
96.896292 81.034572 
97.264192 80.911938 
97.632092 80.789305 
97.999992 80.666672 

97.999992 80.666672 
97.330861 80.443628 
96.661729 80.220584 
95.992598 79.997540 
95.323466 79.774496 
94.654335 79.551453 
93.985204 79.328409 
93.316072 79.105365 
92.646941 78.882321 
91.977809 78.659277 
91.308678 78.436234 

91.308678 78.436234 
90.336417 78.112147 
89.364157 77.788060 
88.391897 77.463973 
87.419637 77.139886 
86.447376 76.815800 
85.475116 76.491713 
84.502856 76.167626 
83.530595 75.843539 
82.558335 75.519453 
81.586075 75.195366 

81.586075 75.195366 
81.525334 75.175119 
81.464594 75.154872 
81.403853 75.134625 
81.343112 75.114378 
81.282372 75.094131 
81.221631 75.073885 
81.160890 75.053638 
81.100150 75.033391 
81.039409 75.013144 
80.978668 74.992897 

80.978668 74.992897 
80.140141 74.713388 
79.301614 74.433879 
78.463087 74.154370 
77.624561 73.874861 
76.786034 73.595352 
75.947507 73.315843 
75.108980 73.036334 
74.270453 72.756825 
73.431926 72.477316 
72.593399 72.197807 

72.593399 72.197807 
70.727163 71.575729 
68.860927 70.953650 
66.994691 70.331571 
65.128455 69.709492 
63.262218 69.087414 
61.395982 68.465335 
59.529746 67.843256 
57.663510 67.221178 
55.797274 66.599099 
53.931038 65.977020 

53.931038 65.977020 
52.342124 65.447382 
50.753210 64.917744 
49.164297 64.388107 
47.575383 63.858469 
45.986469 63.328831 
44.397556 62.799193 
42.808642 62.269555 
41.219728 61.739917 
39.630814 61.210279 
38.041901 60.680641 

38.041901 60.680641 
37.430438 60.476820 
36.818976 60.273000 
36.207513 60.069179 
35.596051 59.865358 
34.984589 59.661537 
34.373126 59.457716 
33.761664 59.253896 
33.150201 59.050075 
32.538739 58.846254 
31.927277 58.642433 

31.927277 58.642433 
31.132816 58.377613 
30.338356 58.112793 
29.543896 57.847973 
28.749435 57.583153 
27.954975 57.318333 
27.160515 57.053513 
26.366055 56.788692 
25.571594 56.523872 
24.777134 56.259052 
23.982674 55.994232 

23.982674 55.994232 
23.519593 55.839872 
23.056512 55.685512 
22.593432 55.531152 
22.130351 55.376791 
21.667271 55.222431 
21.204190 55.068071 
20.741109 54.913711 
20.278029 54.759351 
19.814948 54.604990 
19.351868 54.450630 

19.351868 54.450630 
18.137274 54.045766 
16.922681 53.640901 
15.708087 53.236037 
14.493494 52.831172 
13.278900 52.426308 
12.064307 52.021443 
10.849713 51.616579 
9.635120 51.211714 
8.420526 50.806850 
7.205933 50.401985 

7.205933 50.401985 
7.002637 50.334220 
6.799342 50.266455 
6.596047 50.198690 
6.392752 50.130925 
6.189457 50.063160 
5.986162 49.995395 
5.782867 49.927630 
5.579572 49.859865 
5.376276 49.792100 
5.172981 49.724335 

5.172981 49.724335 
4.955681 49.651901 
4.738380 49.579468 
4.521080 49.507034 
4.303780 49.434601 
4.086479 49.362167 
3.869179 49.289734 
3.651878 49.217300 
3.434578 49.144867 
3.217278 49.072433 
2.999977 49.000000 
