
31.000000 82.000000 
31.866667 79.833333 
32.733334 77.666666 
33.600000 75.500000 
34.466667 73.333333 
35.333334 71.166666 
36.200001 68.999999 
37.066668 66.833332 
37.933334 64.666666 
38.800001 62.499999 
39.666668 60.333332 

39.666668 60.333332 
41.050001 56.874999 
42.433334 53.416666 
43.816668 49.958332 
45.200001 46.499999 
46.583334 43.041666 
47.966667 39.583333 
49.350000 36.125000 
50.733334 32.666666 
52.116667 29.208333 
53.500000 25.750000 

53.500000 25.750000 
53.730000 25.175000 
53.960000 24.600000 
54.190000 24.025001 
54.420000 23.450001 
54.650000 22.875001 
54.880000 22.300001 
55.109999 21.725001 
55.339999 21.150002 
55.569999 20.575002 
55.799999 20.000002 

55.799999 20.000002 
55.905462 19.736344 
56.010925 19.472686 
56.116388 19.209028 
56.221851 18.945370 
56.327314 18.681712 
56.432777 18.418054 
56.538240 18.154396 
56.643703 17.890738 
56.749166 17.627080 
56.854630 17.363422 

56.854630 17.363422 
56.821836 17.627081 
56.789043 17.890739 
56.756250 18.154397 
56.723457 18.418056 
56.690664 18.681714 
56.657871 18.945372 
56.625078 19.209031 
56.592285 19.472689 
56.559492 19.736347 
56.526699 20.000006 

56.526699 20.000006 
56.156689 22.974918 
55.786680 25.949831 
55.416670 28.924743 
55.046661 31.899656 
54.676651 34.874568 
54.306641 37.849480 
53.936632 40.824393 
53.566622 43.799305 
53.196613 46.774218 
52.826603 49.749130 

52.826603 49.749130 
52.685774 50.881408 
52.544946 52.013686 
52.404117 53.145963 
52.263288 54.278241 
52.122459 55.410519 
51.981631 56.542796 
51.840802 57.675074 
51.699973 58.807352 
51.559145 59.939629 
51.418316 61.071907 

51.418316 61.071907 
51.198450 62.839653 
50.978584 64.607399 
50.758717 66.375145 
50.538851 68.142891 
50.318985 69.910637 
50.099119 71.678383 
49.879253 73.446129 
49.659386 75.213875 
49.439520 76.981621 
49.219654 78.749367 

49.219654 78.749367 
48.967784 80.774431 
48.715913 82.799495 
48.464043 84.824559 
48.212173 86.849623 
47.960302 88.874687 
47.708432 90.899751 
47.456562 92.924815 
47.204691 94.949879 
46.952821 96.974944 
46.700951 99.000008 

46.700951 99.000008 
46.613887 98.300007 
46.526823 97.600006 
46.439760 96.900005 
46.352696 96.200005 
46.265633 95.500004 
46.178569 94.800003 
46.091505 94.100002 
46.004442 93.400002 
45.917378 92.700001 
45.830315 92.000000 

45.830315 92.000000 
45.775332 91.557934 
45.720349 91.115868 
45.665366 90.673801 
45.610384 90.231735 
45.555401 89.789669 
45.500418 89.347603 
45.445435 88.905537 
45.390453 88.463470 
45.335470 88.021404 
45.280487 87.579338 

45.280487 87.579338 
45.255566 87.378971 
45.230645 87.178604 
45.205724 86.978237 
45.180803 86.777870 
45.155882 86.577503 
45.130961 86.377136 
45.106040 86.176769 
45.081119 85.976402 
45.056198 85.776035 
45.031277 85.575668 

45.031277 85.575668 
44.099273 84.265745 
43.167269 82.955821 
42.235265 81.645898 
41.303262 80.335974 
40.371258 79.026051 
39.439254 77.716127 
38.507250 76.406203 
37.575246 75.096280 
36.643243 73.786356 
35.711239 72.476433 

35.711239 72.476433 
33.876483 69.897698 
32.041727 67.318963 
30.206971 64.740228 
28.372215 62.161493 
26.537458 59.582758 
24.702702 57.004023 
22.867946 54.425288 
21.033190 51.846553 
19.198434 49.267818 
17.363678 46.689083 

17.363678 46.689083 
17.244001 46.520878 
17.124324 46.352673 
17.004646 46.184467 
16.884969 46.016262 
16.765292 45.848057 
16.645615 45.679852 
16.525938 45.511646 
16.406261 45.343441 
16.286584 45.175236 
16.166906 45.007030 

16.166906 45.007030 
14.650217 42.875335 
13.133527 40.743640 
11.616837 38.611944 
10.100147 36.480249 
8.583457 34.348554 
7.066767 32.216858 
5.550078 30.085163 
4.033388 27.953468 
2.516698 25.821772 
1.000008 23.690077 

1.000008 23.690077 
2.277098 21.895138 
3.554187 20.100199 
4.831277 18.305260 
6.108366 16.510320 
7.385456 14.715381 
8.662545 12.920442 
9.939635 11.125503 
11.216725 9.330564 
12.493814 7.535625 
13.770904 5.740686 

13.770904 5.740686 
14.108201 5.266617 
14.445498 4.792549 
14.782795 4.318480 
15.120092 3.844412 
15.457389 3.370343 
15.794687 2.896275 
16.131984 2.422206 
16.469281 1.948138 
16.806578 1.474069 
17.143875 1.000001 

17.143875 1.000001 
17.224909 1.113894 
17.305943 1.227786 
17.386977 1.341679 
17.468011 1.455572 
17.549046 1.569464 
17.630080 1.683357 
17.711114 1.797250 
17.792148 1.911143 
17.873182 2.025035 
17.954216 2.138928 

17.954216 2.138928 
18.178943 2.454780 
18.403671 2.770633 
18.628398 3.086485 
18.853125 3.402338 
19.077852 3.718190 
19.302579 4.034042 
19.527307 4.349895 
19.752034 4.665747 
19.976761 4.981600 
20.201488 5.297452 

20.201488 5.297452 
22.163334 8.054810 
24.125180 10.812168 
26.087026 13.569526 
28.048872 16.326884 
30.010717 19.084242 
31.972563 21.841600 
33.934409 24.598958 
35.896255 27.356317 
37.858101 30.113675 
39.819946 32.871033 

39.819946 32.871033 
43.307290 37.772466 
46.794633 42.673900 
50.281977 47.575333 
53.769321 52.476767 
57.256664 57.378201 
60.744008 62.279634 
64.231351 67.181068 
67.718695 72.082501 
71.206039 76.983935 
74.693382 81.885368 

74.693382 81.885368 
75.125375 82.492532 
75.557368 83.099695 
75.989362 83.706858 
76.421355 84.314021 
76.853348 84.921185 
77.285341 85.528348 
77.717334 86.135511 
78.149327 86.742674 
78.581320 87.349837 
79.013313 87.957001 

79.013313 87.957001 
79.799017 89.061301 
80.584720 90.165601 
81.370423 91.269901 
82.156126 92.374200 
82.941830 93.478500 
83.727533 94.582800 
84.513236 95.687100 
85.298940 96.791400 
86.084643 97.895700 
86.870346 99.000000 

86.870346 99.000000 
88.011988 97.395432 
89.153630 95.790863 
90.295272 94.186295 
91.436914 92.581726 
92.578556 90.977158 
93.720198 89.372589 
94.861840 87.768021 
96.003482 86.163452 
97.145124 84.558884 
98.286766 82.954315 

98.286766 82.954315 
98.358089 82.854072 
98.429411 82.753828 
98.500734 82.653585 
98.572057 82.553342 
98.643379 82.453098 
98.714702 82.352855 
98.786024 82.252612 
98.857347 82.152368 
98.928670 82.052125 
98.999992 81.951881 

98.999992 81.951881 
98.015382 80.568020 
97.030772 79.184158 
96.046162 77.800297 
95.061552 76.416435 
94.076942 75.032574 
93.092332 73.648712 
92.107722 72.264851 
91.123112 70.880989 
90.138503 69.497128 
89.153893 68.113266 

89.153893 68.113266 
86.962532 65.033326 
84.771172 61.953386 
82.579811 58.873446 
80.388451 55.793506 
78.197090 52.713566 
76.005730 49.633626 
73.814369 46.553686 
71.623009 43.473746 
69.431648 40.393806 
67.240288 37.313866 

67.240288 37.313866 
65.374563 34.691604 
63.508838 32.069343 
61.643113 29.447081 
59.777388 26.824820 
57.911663 24.202559 
56.045938 21.580297 
54.180213 18.958036 
52.314488 16.335774 
50.448763 13.713513 
48.583038 11.091251 

48.583038 11.091251 
47.865051 10.082125 
47.147063 9.072999 
46.429075 8.063873 
45.711087 7.054747 
44.993099 6.045621 
44.275111 5.036495 
43.557124 4.027369 
42.839136 3.018243 
42.121148 2.009117 
41.403160 0.999991 

41.403160 0.999991 
40.470293 2.311127 
39.537427 3.622264 
38.604560 4.933400 
37.671693 6.244536 
36.738827 7.555673 
35.805960 8.866809 
34.873093 10.177946 
33.940227 11.489082 
33.007360 12.800218 
32.074493 14.111355 

32.074493 14.111355 
31.530738 14.875599 
30.986982 15.639844 
30.443226 16.404088 
29.899471 17.168333 
29.355715 17.932577 
28.811959 18.696822 
28.268203 19.461066 
27.724448 20.225311 
27.180692 20.989555 
26.636936 21.753799 

26.636936 21.753799 
25.210743 23.758302 
23.784550 25.762804 
22.358358 27.767307 
20.932165 29.771809 
19.505972 31.776312 
18.079779 33.780814 
16.653586 35.785317 
15.227393 37.789819 
13.801200 39.794322 
12.375008 41.798824 

12.375008 41.798824 
12.136296 42.134332 
11.897584 42.469840 
11.658872 42.805348 
11.420160 43.140856 
11.181448 43.476364 
10.942735 43.811872 
10.704023 44.147380 
10.465311 44.482888 
10.226599 44.818396 
9.987887 45.153904 

9.987887 45.153904 
9.732730 45.512526 
9.477573 45.871147 
9.222416 46.229769 
8.967258 46.588390 
8.712101 46.947012 
8.456944 47.305634 
8.201787 47.664255 
7.946630 48.022877 
7.691472 48.381498 
7.436315 48.740120 
